1.697988134810167 1.6281234294049223 1.0339977186642704 
0.37233789324938726 0.7156436817777567 1.1899522104143325 
0.8231159826636641 1.1093252457749758 1.0253078627253036 
1.4888246870430886 0.37365276612805487 0.8279326650664497 
1.6430308348732199 1.036459329104408 1.7694057353548018 
0.7139576086455699 1.795683510558947 0.9024327772341441 
0.2961560955913227 1.6433372787971874 1.7221954208112953 
1.2171779997058985 0.8563101575731602 0.1595208130584671 
0.7196392330665733 0.5447557440285529 1.7216723913442094 
0.387852373558243 0.5573328660398655 0.18314953893313934 
1.3164915613512458 1.633992708439835 1.6340607475211253 
1.6236347560040925 0.761453604201465 0.6697005331399175 
0.6351393816528429 1.4347063742541586 0.5035913672058047 
1.5621559807652106 1.323172381192176 0.28672846455551537 
1.1120532462263004 1.0740987701783495 1.657793811763237 
1.877724478698009 0.1764497210176973 1.416798618233004 
1.3776422640070896 1.7174409080942628 0.608338822414589 
1.3031852098273708 0.5851934979090934 0.5068082723145027 
0.649165339001869 0.38787333921561296 0.764275184088813 
1.461601318011335 0.39070256728115105 0.38127401808248196 
0.9576580008292994 1.8497945801927997 1.4375919538457496 
1.6659797739924769 1.58520736886559 1.9247141141094835 
1.7485095348142365 0.8168756721221372 1.5239123650267614 
0.35708330710218394 1.1078564234884434 1.1442648367709267 
1.2645647196511927 0.19572568977498916 1.9319866093070712 
0.31401043910197923 1.7495388641826615 0.4049186470180036 
1.1139636632255598 0.5694324652884637 1.1836467336141174 
1.4941904763691705 1.152557961972699 0.9996130577551046 
0.5328196332753339 1.116997962181172 1.581481177628071 
0.3210477478530409 0.4514536338458963 1.5590343169674188 
1.5740815363686924 1.9232289356763341 0.49857757952192383 
0.4056028656991545 1.2536047874829783 0.437981754271242 
0.6728900623304837 0.5140651565474578 1.1122625254149487 
1.7535014485562446 0.7449900226295127 0.3473774153646636 
0.9751080239354974 1.31251930370612 0.26781991863896326 
0.8483395895649553 1.8580518043330976 0.5794586435735116 
0.3824310077221943 1.827887530543027 1.362442105249985 
0.42298626011996077 0.6984502133308408 0.4516902462855422 
1.4560394790771167 0.6024245145160536 1.5327794742139778 
0.6189120135191265 1.5867154701251556 1.7778403374173983 
1.9367154243111584 0.4232731491102194 0.773510500144493 
1.941458342027984 1.0568066374223124 1.0876784178756056 
0.33537762618659017 0.1671552357158066 0.39736677313915325 
1.9421129919652027 1.8925416169316551 1.6912757545578407 
1.6780314268322598 0.3819398514092798 1.8524362632827507 
0.1882860404029505 1.006498360463517 1.7285495028650932 
0.37810271916747384 0.15936973412927302 1.25523144367004 
1.435179665089857 1.114019933027779 0.683274593504576 
1.3012972020332998 1.5470177159956975 0.9387287338475351 
0.740131080110757 0.33739766046253505 0.15895016493190361 
0.8851893052926061 0.9132364374432196 1.2580060455278839 
0.991844116506501 0.17926329142559327 1.1967728870947372 
1.685549620800899 1.223016362283139 0.4963142852457605 
0.8335253240514042 0.8194100406801695 0.748297715231713 
1.7188606892514082 1.5908237093606095 0.33734986067515993 
0.7184549942346747 1.4544826159114699 1.3646375230305554 
1.2777382632422418 0.17923341379528868 1.5086942314443492 
1.7758968727111033 0.2889886093968571 0.2920915625073298 
0.1694763101329282 1.4982547760842053 0.7352562644952271 
0.20183840736256675 0.18175977242724328 1.89924924192707 
1.5237874953332562 1.381120010505117 1.4827882043970075 
1.6634864743601745 1.9162464976582951 1.444027322257325 
1.6695623581607353 0.4106788598372121 1.2148143693292028 
1.1070749113394032 0.8948765366178074 1.4578976038468756 
1.338664977365598 1.9083781448496218 0.212294365965215 
0.6133489026233954 0.9409052558236594 1.9389801748257414 
1.343229926255014 1.6320904057853405 1.866472028898947 
0.16672657294539028 0.5869126537312688 0.9277915111984975 
1.0975688792084353 0.22057422657756687 0.7944158303083498 
0.5938406248806138 0.9313412195287849 0.16601239576290727 
0.8994518964158472 1.2379529307031556 0.6024145711204416 
0.16422788160121515 0.9052410090610259 0.39843297206013084 
0.9141943355426176 0.7040589962158025 0.3997303450815769 
1.166318643875493 1.4908107631935468 1.3475397675150242 
0.6979624371265561 1.899331867252171 0.20233779683777886 
1.2664075765534832 0.697470452154475 1.7977114007412098 
0.33374495180623687 1.5245552394138473 1.1193529046142523 
0.9755691567838479 1.718361121460875 1.036874068838792 
0.9130400584923667 1.8074649836080217 1.724842174901835 
1.6045180013484397 1.1576745545202414 1.2946332925038648 
1.6787109574653676 1.3930855120816772 0.756800325175869 
0.6167381484626357 0.8473830320637924 0.8486566995984406 
1.8478889915670624 0.9845303332565486 0.564081067342888 
1.500952299121788 1.7560893410172471 1.3349544020079191 
1.4773524849290007 0.8300291712449079 0.9995200585493308 
0.620394445292932 0.19899180482502332 1.437435677271182 
0.22101983316170903 1.9010884291204333 0.9496144620860762 
1.9067182644763756 1.2601796871130917 1.6664183127418808 
1.301243000340258 1.0766142667016771 0.4985242649919599 
0.3706221873694159 0.18060157799759513 0.991132813236552 
1.6709266150202484 0.7313190409251602 1.851411646714311 
0.5918612253164046 1.4540598407718415 0.8843400539214388 
1.6921950923353744 0.9792392368520306 0.17408771218027308 
0.9762519091991266 0.16184329830404498 0.21508483908138054 
1.9262865759975853 0.18044303265754313 0.815564768277309 
1.534173876451284 1.8862945107261764 1.9301476506884503 
0.3764857752314795 0.5395273429816105 1.9041538663286621 
1.6500982878178738 1.4539103534608269 1.2410847566750989 
1.0555057449218188 1.6072077573555843 0.1723572861282764 
0.5593863772789973 1.180992587928729 0.1916067710698769 
1.0536851117733779 0.6753827133506723 0.9024005719347883 
1.9301625259273774 0.5644764101981599 1.6385568742182857 
0.652761327935981 1.8544441895092896 1.1034012516770992 
0.6776932608111975 1.1623419067558416 1.1636205499727805 
0.7193011235558423 1.727343151203413 1.7333605414304882 
0.9834876161524547 0.17180989856768614 1.7873332450948283 
1.6797425185779995 0.20962740904741706 1.1039280012609987 
1.0697465747223942 0.4401256203448012 1.5394470145917363 
0.3940485481758377 1.9204944523132863 0.5629868200224386 
0.34552081263804735 1.8398455088979722 1.7858722548981256 
0.8978220281796979 1.4196447967063057 1.4456964210179475 
0.4221715618058989 0.7911551864567656 1.4270539400275353 
1.2663439741748774 1.0927305636687168 1.8988340631689324 
0.9683558752618662 1.5292893690187799 0.5203176779636777 
0.3545890690649206 0.5617254252679666 0.3820173402165711 
1.171683855614169 0.9659210874416578 0.6114182917339206 
1.156802977674248 1.9262781630018149 0.9992370421435868 
0.20566228408253107 1.1666637955951462 0.32273169291634796 
0.975472997950546 1.423490860530424 1.8231036407996095 
0.2708029391277601 1.2290822353704554 1.9068864334536508 
0.9694420575448222 0.6124342639979697 1.7408439594729668 
1.2560346382281273 0.2108451574173955 1.121137253562585 
0.425203259864966 0.49403130149296415 0.8582626931504266 
0.2496801065594203 1.0563532410238583 0.537300096125915 
0.15776851185667273 1.0653557176947988 1.537040287392545 
1.3344088316754914 1.269061548509112 0.6217366206513819 
0.4681882113626398 1.5450863711245302 0.5486133309790543 
1.0421455272970706 0.352508528796988 0.5871983363700568 
0.7359142634442615 0.9424438423431127 1.7727627877619712 
1.1714917475444178 1.2925514896288115 0.19031193048727513 
1.8912979516625477 0.7341034636993465 0.8207886118721363 
1.9018839464842605 1.4655401977273712 0.579287765027225 
0.3574378876908849 0.22923692265004192 0.5720575951521751 
0.6373098360215892 0.4277492835172323 1.324082141960031 
0.5531072239932852 0.19654607701044124 1.704705061239741 
0.6111060630358842 1.056098750141611 0.715877662262261 
1.7689289994221014 1.5672176008886636 1.3959396334060443 
1.0286394609913938 1.9198743305597428 0.7691815467523409 
0.47298050199883 1.5613588178320648 0.29412996815170434 
1.7756653862260268 0.6784591828914651 1.355753547203199 
1.0627630827821675 0.5469133903063708 0.19464981708907447 
1.7612515172052081 1.3333348931824043 0.32580300533623563 
1.3840649710121702 1.409341187319217 1.2872999683404767 
1.7597708354163963 1.9189629178224892 1.1546459931868016 
1.2279147748405823 1.7713487430563173 1.9029667799170182 
1.8977024685472128 0.27107401720592705 1.2423759697813737 
0.8032940706113911 1.4344227037277535 0.7700254089350146 
1.2845603089836914 1.6192006154123808 0.3425888170624578 
1.1145744399820576 0.8766247142362626 1.2706067176891402 
0.3533464199490115 1.3275456284411578 1.5650167508409307 
1.289452948703957 1.1214709150088227 1.09869459015622 
1.7763208160705726 1.7390671085422253 0.49357707882126156 
0.2939586827064581 1.9123499001167676 0.1618927246974291 
1.8560019473425693 0.42935792089186764 0.5405625525345039 
1.4843903585727836 0.8197775341240507 1.5302930111648245 
1.4668096060110436 0.1737594472011701 0.5547922186402048 
0.22249701294742807 0.20077252714048 1.4460411626380432 
1.4028609406244996 0.9554876178015786 1.7788288292580414 
0.5359926666526009 1.665187000881558 1.0450210936995656 
1.8017019799870164 1.7356193006542961 0.7685383837569921 
0.5513614071448962 0.7771618329358139 1.7321518602582766 
0.8938451182473051 0.9012985800917087 1.0779940923448303 
1.947227977024894 0.4847448614854851 1.8728337665100052 
1.5384035641087475 1.7861922300033277 0.8271605592765826 
0.8221396355591915 0.9205938619799598 1.478626763589163 
1.6246930373768165 0.19978792339610318 1.6471999677221192 
1.3117702871431995 1.089224851297572 1.542545836156366 
1.677509068703531 0.17071688413415564 0.17344249405474876 
0.5950886161498657 0.19406038843491125 0.47401806944523217 
1.936710851776847 0.7227105033635048 1.293090820384457 
1.5262655370215157 0.686349307321843 0.17218084181878013 
1.902860948453652 1.2562218271740666 1.2445336970841445 
1.632820987183822 1.9402416764579575 0.3084237499135457 
0.5467874625321959 0.25452849726860594 1.0423107270557588 
0.6986617095078582 0.8911196866989869 0.40304187815097114 
0.16458570709801368 1.8851167726282632 1.8611884121840108 
1.9009254833112625 0.8683968162970065 1.7142383623343778 
1.448291940984848 0.5801300601173107 1.0902992316980387 
1.1663100581484982 1.3950276663005017 0.8380412972506788 
0.1961766830583478 0.9432852324524903 1.125342946467892 
0.8342445379356269 1.2001129853712318 1.9047465507048704 
1.5011435317100823 1.7701518015363396 1.7182873581349374 
1.9176784782279839 1.1625334532950902 0.8429013649473842 
0.3284618323572397 1.28907413523781 1.2506356534746923 
1.8613735190140914 1.8889250763642809 1.9416801700994117 
0.794703128846691 1.8974019342288826 1.330050934900247 
1.2844383205832783 1.8764787089895014 1.591245285479737 
0.7699152523673429 0.702473086365498 1.5530444289866412 
1.5921927197139762 1.5442625405881447 0.8480744126992612 
0.16202165401381663 1.6731811482337673 1.306113793184899 
0.23505174523008399 0.3568063881000445 0.30401683472552066 
1.380941324683355 1.923421776981602 0.6059111278423401 
0.17871524980378783 0.8216574072922118 0.9292000230148058 
0.7568501186458676 1.3360128743050266 0.9060415367160612 
0.5651127501864684 1.3263421811872287 1.771610086342149 
1.7831435718171833 1.4567720495869425 1.8340577039891084 
0.85600555612747 0.49471078946471203 1.2448977667076753 
1.8868394598950666 0.893945654129394 0.1506960951179942 
1.0126670120350898 1.9263668381737962 0.49221872612087414 
0.2259845924761288 0.8130148701384792 1.949995980754169 
0.9712438451577143 0.8934976318399624 0.18966729087001322 
1.3405681401207399 1.785907368483696 1.2627426228919554 
1.3960890861619364 0.8440832657208532 0.4167282034514379 
1.3329334606556935 1.3247168365537216 1.4945965900252045 
1.5782935963425573 0.5542037251253691 0.8190742267196784 
0.216414484979074 0.625503741539839 1.416768810941968 
1.24671892408159 0.3952220449405508 0.286007226695688 
0.9592306581834253 1.465341353364103 1.0562308506391827 
0.18509642058596942 0.20320891109570338 1.1700840531059806 
0.2174986656775263 1.7116849436844381 1.1010594854687288 
0.1882994595855928 0.4523669438881358 1.7343512762958184 
1.8967026890002332 1.5798820338369195 1.7005265586968208 
1.5098764336914956 1.0274091546893875 1.3923990167931533 
0.9411562074224847 0.6260126646301281 0.6895811025530254 
0.17009142452874515 0.7818462520535177 0.6352126516132968 
1.2826688897520147 0.16738363673554957 0.35641276364871377 
0.702053284159409 1.4832244116129045 0.2868712061232438 
0.383066836503804 1.3179681445975842 0.809048633821657 
0.907677589078334 0.15795309347025788 1.471258358250161 
0.5809277927487582 0.43936244669144087 0.1612412888439675 
1.025209607203898 1.92477948434508 1.244335767592002 
1.0591131413518033 0.45661104789442286 0.8133092478033377 
0.410841990267912 1.8990646408718284 1.6129612262459814 
1.0793897755623179 0.35648880356421997 1.8845343652735527 
0.34740773403904224 1.8595117789079654 0.803152652902283 
1.70975842473927 0.2720790352098753 1.3143647494688901 
1.0033122932064413 1.0755372684442157 1.3071146575029817 
1.4780933155534226 1.7006838288046788 1.0912922864092875 
1.4884688748375592 1.2246589137340829 1.824728308277224 
0.900982261079966 0.16702084861940603 0.8581771594570495 
0.6345036198193879 1.3579814441598899 1.587302607180086 
1.2637816852060282 0.6503412514178804 0.20133312937945225 
0.9806221317965566 1.5678117793821273 1.69991689721431 
0.5381724130771954 0.7979989584130116 0.7014740061245435 
1.362026089054465 1.4898432887963473 0.5470046368727292 
1.5248419086671887 0.9252505894484279 0.7376954360970931 
0.16508708747123535 1.6089399184037443 1.7887640898585375 
0.7823669917394738 1.023798235279334 0.8117601556982154 
0.1808642760051844 0.33113695934048204 0.9769373269534574 
1.9231797045842725 1.6653783991876854 0.39435657587697137 
0.2012051509976286 1.524250798112364 0.17185701306169998 
0.7764774068222932 0.7344761024537433 1.2575257617523112 
1.7399067917249658 1.1333931316368366 1.9115269422559715 
0.1890464319995787 1.2316120914073574 1.6787191812663032 
1.335872315749603 0.6073545408079155 1.9267450126198717 
1.7377442009688306 0.6148755832385968 0.1684406951178934 
1.0877879856859016 0.45957935799415595 0.41462628496203136 
0.43575592746372305 0.5445003805050627 1.1260291440346408 
0.9767207875104454 1.070710657522062 0.8560727222935498 
0.6550296577448136 1.3977439453448732 1.1533120688746572 
1.925019761761149 1.8993204215176185 0.7466057324412394 
0.670407596554024 0.5958808544284114 0.4368981209311136 
0.9195717800850423 1.9095428897931839 0.21518308619818294 
1.9269932164964252 0.5887957715174034 0.6616095994070633 
1.8949348832349469 1.55245392621114 1.145911922841865 
1.506621121460889 1.5256222792484668 1.1706281391717108 
0.8963017294210617 0.9755141933192915 1.8822050420691623 
0.2664668462475044 0.7777690904744361 0.24900965215431747 
0.675906298388307 1.8040702779344828 0.36914016726360976 
0.6354702539419856 0.3520531600897566 1.6206183085655836 
1.612411803662534 0.9367913014598837 1.1264523915947726 
0.8785555628327373 1.5289768107244193 1.2623253202546278 
0.6243661121453024 0.17797288886499496 0.8531472526099948 
1.2285794573653994 0.6525480447305773 1.0300223098099948 
0.16455814478767683 1.7338479916184548 0.5625251437428433 
1.6361349437836212 0.17455731524035434 0.7459302873519068 
1.2838693938149028 1.424373575459761 1.7414771939015505 
1.6984792434140767 1.3548320644188827 1.4639746863461771 
1.4463195151047272 1.9184792312380339 1.5492054761852674 
1.8362420476195322 0.37154154592434263 1.5183725706552866 
0.5278172387061681 1.923109439385536 1.4512612707014656 
1.4850249868106826 0.4520881753764008 1.3515534684008554 
1.7604783696030433 0.20780837341925606 1.9280213542714142 
1.3963934873699593 0.3263479564922912 1.7856975557348882 
1.5955172594003413 1.4358681047960467 0.18055305913612596 
1.770740370480485 0.8027915808944557 1.0372915890819223 
0.9493047279657385 0.7548523097827341 1.4983326749342134 
1.9204576322899347 0.1791429488207109 1.8835553983108824 
0.20515388086000697 1.47910604129866 0.5507997942729519 
0.43861127540960265 1.7296753888211547 1.577264327675336 
0.682682243794603 0.5673598951780143 0.1903941661189429 
0.5086963511868414 1.1151106934779582 1.2617525505809861 
1.7189251508378391 1.054730130250592 0.782434311166312 
1.192554239196656 1.9344731063489475 0.5991263024828979 
0.18168846808062566 0.9032095436709412 1.486225206489935 
0.7910982887803162 0.6666614713956611 1.9258093696209957 
1.9119839127198868 0.6412513280469357 1.8983059554499304 
1.9329143063267344 1.047060622492523 1.9155836047637604 
0.711675342738824 0.22562368021853962 1.8837849597537217 
0.5570184405753336 1.669228778009823 1.3835855907252235 
1.2683603720444803 0.34068778834209235 0.6996420192927868 
0.7383134344238286 1.2007518252137117 0.25410969202528944 
1.9020025059805592 1.7788888113182248 1.801417910076346 
1.9219355192342844 0.8034470209649005 0.3803269512281854 
1.55053011162371 0.8730825173503455 1.720520530035111 
1.1912380250970087 0.9249047737041336 0.419009226350059 
1.4121363096945476 1.2423324616873235 0.20934605772193415 
1.1246116068092276 0.6423325164562632 1.4048904507680373 
0.17810981568966722 1.627150381364662 1.543117800389343 
0.36516193739381286 1.5774508420832627 0.7516542314227547 
1.103012527035254 0.32163730401936563 1.3000345625846748 
0.23460591321855773 0.798342773968324 1.7750445352953768 
0.834142544010911 0.48943598958642565 0.8404549670803947 
1.173105048048415 0.9471192656802888 0.8760335488893909 
1.6897975370945133 1.454545880540801 0.5105913404480895 
1.9314526711449105 0.22225339284398993 0.5322636142880879 
0.9251837114231246 0.4050084561401619 1.7282294182384654 
0.19991791200078501 1.8811054850148117 1.425959169619757 
0.4207113904228744 0.9260478062835609 0.9180427380549935 
1.9106543734136952 0.5032891661430732 1.2296708167371229 
0.590643816586194 0.6104296281289255 0.8851688483427562 
0.2088658387040223 1.9108856949677895 0.3198559415537413 
1.4923244201609267 0.19152903922863396 1.1430087529989486 
1.0888868683209454 0.4046283080346721 1.0980878136026158 
0.834638404021852 0.20426808080343772 0.4318183171706581 
1.5995393206738657 0.3297425328412894 0.1811592429176776 
0.863513254569498 1.0896681146808347 0.4398969106859588 
0.4390377941611072 1.7378575875879223 0.8948988731872731 
0.3279154959876661 1.9086054105681038 1.1339301339097427 
0.6335763064754614 0.9173019936254018 1.3334881584413678 
1.5657634106259763 0.9767900241481156 0.38967203938597295 
0.21996831358356694 0.39470745967188536 1.40492507572865 
1.6010374920656607 1.7590494878366303 0.4465900015637061 
1.1380590094662273 0.7323041204056397 0.5489322809849011 
1.680850201345642 1.5117022560826046 1.6022366020712373 
0.9893543397763677 0.7207413086731422 1.0858288942916983 
1.648426949722836 1.3034692314103993 1.111883655835762 
0.8163031450987213 1.725039016614777 0.19322546358908765 
0.7768638237150782 1.384963600625722 1.9185848446634193 
1.0660652771821773 1.526757556956559 1.5440778042601278 
0.5681124554295925 0.7210316518750646 1.0917538011005141 
0.8969877050496655 0.6296405642177699 0.21827990213007475 
0.22844976970260267 1.018656372865339 0.2114151753817327 
0.5990581408903428 1.8708883670028726 1.9252474497890901 
1.0710253910472487 0.7794197480403686 1.9214514406517484 
0.5108419425829579 1.021827275313126 1.7591081829266235 
0.171649332332241 0.5436753460409703 0.2065550878755712 
1.8999261452826937 1.9185990784080813 0.17742925913203322 
1.1723793050372218 1.213033241049491 0.44505398668473495 
1.4708392104613623 0.5239569100145696 0.5615262480505436 
1.0507760865897593 1.6155003821855565 1.899103586158532 
1.8944022912098752 0.3970631247879549 1.0343883360104715 
1.7983491069766964 0.6114949642816887 1.6039110894236404 
1.330902331759087 1.2134059250846625 0.8260691891126646 
0.6894240845384275 1.8801367760305658 0.5961850818780239 
1.1494843267502188 1.7624516722204842 0.8417790609069609 
1.0660219576635264 1.7644516141291482 0.36022393924440255 
1.3811039040918893 1.242101898378154 1.9468756695879184 
1.6420975180889865 0.34686666187270976 0.46408507477623284 
0.6108457077971553 1.249458633088715 0.9220954816368913 
0.8912810586797573 1.5240204972360738 0.18406929068131228 
1.9074745305005059 1.203244256280731 1.4454014410094609 
1.8281491104583747 1.736636047309275 0.17576184064746692 
1.0869574445646049 1.8328088688666253 1.79179960043342 
1.419155754407493 1.5512432200772297 1.4107678675380568 
0.8416879553086872 0.5073116759108315 0.37054278904805316 
0.25018989937682357 0.546792465269619 1.1953475746762356 
1.1374333527202571 1.7626936343554709 1.2576729532007254 
0.15658236015880345 1.3198596376773222 1.329346766432608 
0.8354768354102755 1.8946472828990588 1.1238592201726632 
0.24981389664659437 1.4241079729965687 1.9194726033466658 
0.5575807000371182 1.0832657940209323 0.371080285866787 
1.9060276152222961 1.1456084590593172 0.5003183070296041 
1.1772636449420906 1.0756749518273523 1.2477483986709734 
0.5658938029745554 1.3849262401975617 0.6967777007105007 
0.14756046832424252 1.8626964523785834 0.171266449328919 
0.20003614049816254 0.19468768632088207 0.18347183836958147 
1.4011120356972204 0.8232224622275314 1.9188368993320188 
1.5301587608072316 1.5921519842317036 0.435160724347306 
1.2369690306823902 1.6056181862374634 0.7381941944693651 
1.5067866488079416 1.0417612807407377 1.9321249968674954 
1.267412093708633 0.3283180363972862 1.3911706010875593 
1.0360449807995318 0.3354194452866681 0.20968249571327147 
1.1172911105867154 1.9385163521484987 1.5033900216622942 
1.7712702913356784 1.0057982549338753 0.3558960793583471 
0.38827209014897246 1.3427266985473647 0.18052871824290462 
0.5072280046816999 0.49935744951155936 0.5330138346812696 
0.8740229944280438 0.4945025255714032 1.5138687740680636 
1.6730141474833773 0.9775046847344062 1.5588631579937133 
1.6194190311095225 1.344664772057885 1.9355247597514882 
1.354234596590608 1.9070614296205184 0.9621679582395105 
0.5824130954785028 1.0775638647363281 1.0119413045409973 
0.7915114494300359 0.18568389446280542 1.2426674339659782 
1.8850712349803682 1.3309425726968156 0.17825758908122513 
0.24217357910639736 1.1247500106526913 0.7244612367094947 
1.3691659973552053 0.18270757353874956 1.7430090011372075 
0.441500171563454 0.21441448926827122 1.5229498635869576 
1.1830403278593111 0.653338576695988 0.3717442539925071 
1.9158043426799138 1.554215458937358 0.21988032178721306 
0.19552985443187199 0.7756846445167725 1.6134455862095916 
1.7161977312706547 0.5514991503011121 0.7053112162354993 
0.9584873928054527 1.2749536886475812 1.2953076010556928 
1.8965434715174587 1.9117153066553416 1.474932493396257 
0.4230286578217196 0.7597171940540869 1.9021080588276975 
1.444131350601501 1.9310819306696654 1.326725036735902 
0.22820846247403104 1.352674792270426 0.44544601794541727 
0.454181408273863 0.9306096256492815 1.1508079016355697 
0.7118065488525965 1.9475207822693381 1.6430293443910564 
0.8397191282497568 1.2368975621669178 1.5133009509708726 
1.8760715921655486 0.42175121166715757 0.15025270216368025 
1.2128926998342884 1.3616648412281949 1.0932144123315521 
0.16718711082257254 0.5990049610122894 1.8838262601912388 
0.4616377111505965 0.16953125078164977 1.9099898118641505 
1.806703238487493 1.930038698006635 1.6328365303306915 
0.2361459793225429 1.4166798967202068 0.9066518228358917 
0.535144676948623 1.6777898989115139 0.4008894194920086 
1.45315871469179 0.6518965250212062 1.27316202937916 
1.8236500552325188 1.4981560795569653 0.861264249109434 
1.0895158494100685 1.3649418008605592 0.45899601539581925 
0.48758927073507574 1.2814844721018752 1.3778734545591718 
1.460515395657697 1.0995454755475096 1.691369308406797 
0.1793797649610992 0.9622455766813198 0.6909655048580412 
1.0994174862503923 0.16552128387847742 1.015535662103939 
0.21848793896618324 1.3251292518740243 1.0347802332894687 
0.17871614474058717 0.21417972171632604 0.6126005973292628 
0.16012274250769998 0.22005713221834133 1.6549341787578096 
0.29826869037056236 1.7091764496261088 0.1639387519532769 
0.5435896326723749 0.526653838585856 1.5302428277865816 
1.7230527355791405 1.0398428014217058 1.4052296402850453 
0.5019155117299339 0.854430864318343 0.3351388973926096 
1.9429029028574218 1.6300556773014425 0.671644029242607 
0.32792582311216123 0.6857443358258424 0.6017468015969136 
1.4778650684961687 0.6553552152708291 1.7523647379569849 
1.50957057487015 1.5204782315833736 0.644746404874396 
1.0905194068388941 0.7505813061909123 1.6629387987509023 
0.8085681808017692 0.21291959322627518 1.7097485078958903 
1.424491083750358 0.2999385180667291 0.9878183650905571 
0.3741315883052265 0.6873389653032185 0.8204697214726069 
1.876616158073437 1.0869027039348265 1.2976703428993481 
1.3958946336983389 0.2058939152503072 0.1867011594520357 
1.1044579939454837 0.35111948391094405 0.9480310778790001 
1.626606663857141 0.7203341275486668 0.45767924717131536 
0.9714944328600578 0.9134187923659526 0.6460417597178895 
0.8799308827319301 0.48705256340076786 1.0164673776328121 
0.6295194462188154 0.9138331115986993 1.5834488493870875 
1.0482398186743311 1.1013934753518024 1.4739662205986515 
1.4577114780099552 0.9876160419762277 0.17103923347510097 
1.8959228827973353 1.3294209283582201 1.877072052250821 
1.671961043689451 0.4204915020363018 1.5998553449573483 
0.24602977667534742 1.1763297961640051 1.414399385149315 
1.7991206023682418 1.8136771724379799 1.337579093735279 
1.866832894908189 0.5668547840357196 0.9262972220991941 
1.4996480089413802 1.5856167382570368 1.612548472121576 
0.721223269568616 1.21694798473658 0.6977843960393182 
1.298307337119149 1.4743865128662923 0.16833663694621748 
1.2804719752167073 1.61153691565435 1.183384956302247 
0.7635602535776975 0.7916161859440244 0.17623506042453163 
1.4003559315289036 0.9876989105858256 0.9930764307961663 
0.8044249003756201 1.5918910071945707 1.5567800489891548 
1.6396658598050264 0.9737330531799836 0.9687982442404407 
1.0253744557966549 1.1019267642790553 0.5151656304413905 
1.9321556923938217 0.3519085540120849 1.6852129394457975 
1.5793135339082585 1.3149072823942092 0.6246699921803001 
1.8985653549846777 0.7716796880732171 0.5965925675055521 
0.8878579292599097 0.23588298220114134 1.0189252289429516 
1.5598284934423632 0.14542004205921055 0.9210500458797164 
0.7481569330887254 1.458911787248986 1.7279532668887203 
1.5902923979260437 0.5213998141668934 1.9413115799032377 
0.19268211823303627 1.4383219647841319 1.6001668656633734 
0.179580196647121 1.315479125336138 0.7258575522995638 
1.7618177850998478 1.8491293593460862 0.9142529649173522 
1.606818084973151 1.7525945015080437 0.6314508750786192 
0.40861426066941187 0.3033942678966014 0.7979863614735924 
0.18359173797570616 0.35142076018438895 1.2401170288490224 
0.8314396183521269 1.115500188180264 1.2805068164961964 
1.6596395277904878 1.1924419196539358 0.19436215267469437 
0.42167844579063785 0.5173683170590885 1.3476724294134117 
0.581266896777766 0.6775398910102806 0.31496309991499927 
1.1122551516099446 1.226453161899989 1.7907105399183942 
0.4342095052649987 1.3894228480718218 0.9286556093466996 
0.14544041143515285 1.1991468216975467 0.8748994430835837 
1.4249941903014345 0.7065815761361307 0.7296519854952597 
1.247535657297695 0.911760009388173 1.6056596836171624 
1.0572514041030814 0.14726832807137902 0.6252301854530361 
0.7938148239759646 1.6872879030295933 1.092005439678174 
0.959528603665651 1.6019651381676132 1.4110695268817568 
0.1799900820414876 0.3734939493738666 0.7190296917316672 
1.4040328282369754 1.4339026907088352 0.8156485451906363 
1.5153232897738773 1.192277459302459 0.7979948235214195 
0.5955796976199489 1.3906121331913583 0.15336708659889853 
1.2511485756472684 0.5458960339765347 1.6965716459144793 
0.42871019604336147 0.8638823689316116 1.6830063738433676 
0.9834602695080532 0.4936454553133447 1.336690936855773 
1.5106522352869791 1.8798579646280495 0.17641622064912355 
1.4742335923916297 1.5002288929970073 1.9156588410048285 
1.6816178434821114 1.2766597705993243 1.7422442567140215 
1.3306845878912705 0.8281786965697905 0.22263549463661936 
0.8957479530636759 1.6328200753758924 0.38545508596706246 
0.9348954214085766 0.931388190140799 1.6575484793770006 
1.922300195676932 1.8665569944119513 0.5226651668763628 
1.9209517535720702 0.6486653049011945 1.5037912104637794 
1.3633637125080649 1.8984162054537186 0.43579145272268005 
1.9354591739874918 1.0183855493632523 0.7163681449114381 
1.1007974056887382 1.3508157824713467 1.5811895649608905 
0.5099293214241193 1.8218171914647328 1.1660628593308513 
0.2389753471858549 1.9574308636746465 1.5811098425439143 
1.0546821781331748 0.19934607883688737 0.3803492384930365 
1.032500582982352 1.9255251320248494 1.6745564185726598 
0.6372160240435101 1.6542292583564113 0.5860339690145481 
1.4783434928879247 0.28614818317144275 1.4799866595001434 
0.7768368361609825 1.020975259855719 0.23755812866609893 
1.3891873641670023 0.46127829867227876 0.15707827338868707 
1.4674284767237666 0.8369192788496151 1.179607687474168 
1.274561887315546 1.2302968134663206 1.6592843439383498 
1.871663262893895 1.7127977537029482 1.1369732536829595 
1.7245750656540424 1.3246934777478165 1.2957615292108007 
1.925811306879158 0.18000801183149828 0.2647706523439948 
1.629284145229425 0.730853410273583 1.6400213629552027 
1.0341038763058175 1.2812543558511653 0.8576479176272895 
1.0428056533060766 1.0749672016465834 1.090890079023316 
1.924902543564324 1.4699364226257785 1.3768634861985585 
1.9095963551123167 0.1683030642434934 1.055097101098896 
1.691246729240162 0.1938483906610282 0.505807424872556 
1.397476096191766 0.5163805814572596 0.86713806938093 
1.0380481255496405 0.561865369700678 1.9182282277336347 
1.053339917207052 0.2187997173036399 1.615905856916533 
0.5940335273669098 0.6834071022870298 1.892308068725904 
1.2750276335287298 0.5275262537309765 1.3993912259674945 
1.894191834832557 1.1282649425901736 0.21630044269266402 
0.36658741909692416 0.8626934495425724 0.7110844918666926 
1.9156502904344195 1.3913974044654491 1.0366657676664244 
1.8659914568394558 0.8578953328473773 1.3154235999761676 
0.48069033818319484 0.3938696401332218 0.3449565940238255 
0.5645456118589207 1.5748702693430237 1.6164279421422005 
0.718099971932105 1.1360206695708472 1.7468346381540023 
0.9139829368877229 0.3789151013329385 0.46284740312694717 
1.6949735971237856 1.2477834119697537 0.8736573858142611 
0.3688960638515094 1.7069921132264163 1.2280212627436307 
0.6845590608225669 0.1675369049168487 1.1210432859600459 
0.43382321413096514 0.700797336324404 0.16558329406328998 
0.8304718815099079 0.42507974485925093 1.8912567735034584 
1.417339723800603 1.7728918881554785 1.9142288261857656 
0.5253242203070809 1.9272065111405432 0.35021234333262097 
0.9981352439906509 1.7333477384267897 0.838923759815112 
0.196855697726521 1.0614653298329442 0.9849491827373793 
1.487685064980135 1.2380446725626895 0.47533676568615635 
0.7227192003067482 0.9105536561257562 1.0553417563782324 
0.19461838846842616 0.8213641393796094 1.2921282499149813 
1.9189088301826769 0.878928912009936 1.1377559665865047 
1.1269653207939974 1.1187293150986481 0.7152884918426177 
1.1957719100427333 1.6636569858715688 1.7624291831324959 
0.5705743236530916 0.21634561757628457 1.2476791718864646 
0.5752136656490412 0.4051351770060495 1.8949721752232245 
0.5218838084551939 1.444930267926225 1.9315041084854057 
0.46581150929380943 1.9146996633653588 1.0021196506515053 
0.3702872061819761 0.3712126297832774 1.7922278238075173 
1.1305049143354444 0.8852000973976906 1.0474290802105466 
0.1759357686729882 1.6730246856234392 0.9408716903714963 
1.6893765923751298 0.5092711643310277 0.4213479030405637 
1.8467391902100831 1.4946859231895635 0.3588719302001273 
0.6433974723912812 0.6294299315898255 0.6797903928370624 
1.644922849728819 1.7489403757711561 1.5283504182360956 
0.29164303185062723 0.6165673538691405 0.9865455520318848 
0.7713169603004659 0.6813030623753307 0.5714949170826503 
0.5470909018857799 0.6119405783070299 1.272472366924256 
0.39947141169558287 1.102556914332205 0.20767431362351518 
0.5236026574496272 1.660124518314131 0.16743625960769037 
1.1435857893270989 1.9075284187248025 0.3185927475702556 
1.458127792206977 0.19461114475036456 0.3477913194460912 
0.39801677284379866 0.44528371009471357 0.6826651622419966 
0.47920383757324836 1.3642327712971158 1.1715657912724675 
1.8252220400382604 0.2816102764285341 0.9098267385569055 
1.49499530632911 0.3930096123515958 1.1914932833081149 
0.16677842206859494 1.4767838616378852 1.1241866288698477 
0.24269349285210506 1.5169485397249436 1.3521942823470041 
0.7894987722631779 0.5741423006333531 1.3922549877425838 
1.2305623677543844 1.8640174809850958 1.4123904026037353 
0.7757991821098156 1.59861400448316 0.5188584589171458 
1.9272507779972914 0.9805036536163494 0.429730880059231 
0.7349320974636995 1.5712586111540048 0.9403741300320682 
1.577875732457348 1.9381390243485739 0.8956905065022559 
0.7555455239032656 0.1503320779492311 0.6074623198078338 
1.3119406414402413 0.16666687126209712 0.875055768705962 
1.25575578324285 1.4268571961717584 1.9064754193311315 
1.2420048406304225 1.9366896008836716 1.9142455080011684 
1.8948777164867368 0.4671218686889439 1.3806181629309378 
1.916794629292042 0.635452281634807 0.202397088698141 
1.5330614357110386 0.333569191377319 0.637704808523426 
0.44435877511270827 1.4405140774547518 1.416989461120406 
0.6099071727961056 1.6448453435639963 0.7789628863006051 
0.6428887872038931 0.41560504462151504 0.951972444073752 
0.3723071852630935 0.9544722363909198 1.4121731183990849 
1.0286860762267858 1.290540918722305 1.0644007520527727 
0.1355343553657843 0.22756263430161872 0.38279496204395913 
1.6907598857029644 1.9202528065255722 1.7927171062815965 
0.18773839555957939 1.9056514962197628 0.7224762136710743 
1.6213972761997806 0.5941243216349696 0.9932669792595403 
1.3279484129945958 0.9566434111602667 0.7707898400988119 
0.3209907469444212 0.19032353499012156 1.7022268527021662 
0.6955967887138454 1.9469037637138806 0.9781457777322944 
0.5411343663966056 0.8087206365331143 0.5384110154629784 
1.3890512285031806 1.4343486383545616 1.6192031772250413 
0.4827361309169531 1.0709580821838067 0.5407547997558443 
1.9084235489608794 1.220640641667893 1.0656902869439244 
0.33840734490793767 0.35640437613727927 0.182642253847079 
0.7765109276412754 1.703523317100645 1.3595475264103902 
1.243915870800346 1.7509518367857702 1.0372122088530806 
0.5204914293436494 0.2142138070809989 0.21116323420432515 
1.327021704962474 1.3082306290782366 0.3447296238229216 
1.8992002960590089 1.2870269590785044 0.41416747654444785 
1.6397810065087768 1.6707242925556165 1.3190466357831956 
0.3976550655381639 1.1964072284237148 0.9425403378593175 
1.9383021604384625 0.9011419176752213 0.9148097609152279 
1.6216305139063405 0.6046835707168661 1.4316881398181376 
0.3775170031385443 1.2068405943117764 1.723711265364492 
0.35468326173709996 1.073024170012345 1.5994260236366864 
1.031723984409815 1.3292076579502758 0.6674006809432713 
0.7762881041961522 0.6935224033576024 0.8566291480614954 
1.7609726497286455 0.562746827513984 1.8177997326608515 
1.2007796052251412 0.25890982479388613 0.19825042642532986 
0.3726047662324379 1.4306601786447035 1.7529382708575107 
0.5724717492244036 1.5644789304231188 1.2123720168556282 
1.305224250627427 0.4408060965161129 1.1194425572047844 
1.5072014988616822 0.2973094980625933 1.93001418468662 
1.6304518657949374 1.3983092485004696 0.9929262626879739 
1.0208406666179561 1.7597651461536872 0.545004762527689 
1.0498154303107763 1.9378263855452071 1.9130611975347536 
1.28447868758759 0.7384210796458199 1.4939085980551638 
0.36918415403792326 0.9426405251555025 0.4306259206359827 
0.43977542238490763 0.34928580038310775 1.1681847722105445 
1.184654965728693 1.635990872257836 1.4427101995270357 
1.4720975700077654 1.7330482998396897 0.32686484714191144 
0.9620369448656557 0.8747148327127512 0.8684797232282633 
0.1851562885462802 1.238097640500186 0.5380088035303576 
1.4400225162515605 0.6061004530993964 0.34624621799986444 
1.437520466208151 1.2479156070830033 1.2403159736592366 
0.6794772284597101 0.38064067122566103 0.38808872072779355 
0.947359211395048 1.8848606679310993 0.9754442438941837 
1.918250747126631 0.8871799550673382 1.4649539987046718 
0.14230724296285602 1.3632828617564052 0.3229366225920637 
0.6861996754928834 1.1827417745825441 0.5164973014291954 
1.205062422624846 0.7895113129818048 0.7173534376436455 
1.5457081958191607 1.0734367121861512 0.5573024948026524 
1.723225047116137 1.9225578386460924 0.6829272730597558 
0.7944618044460989 0.43746348339741303 0.6337886930343546 
0.17224238437145412 1.8139265079544638 1.6361400380272877 
0.8694716600740842 1.337731585077941 0.46172350650112426 
0.5442064285810211 0.29953642379340006 0.6535342146511747 
1.604671384245508 0.15683115237417256 1.8383294070761562 
1.253517274063717 1.0814844986847474 0.2291836780827995 
0.8732388667727542 1.1608948816393212 0.7860160738560803 
1.6408954628997239 0.8148199008931984 0.20411463476624703 
0.5877785556874515 0.7418927149139387 1.4689897809400696 
1.3494794936520202 0.9662606720945404 1.239183912438906 
0.920995087750832 0.8870279423569044 0.4566821556755065 
0.3191654533682483 1.4060594627829257 0.300408111952152 
0.4035485118550697 0.921790701000291 0.19046828709890884 
0.34885030881994505 0.6589156855847613 1.6345635076729668 
1.075281751021763 1.7430855398052318 1.5914290347211875 
0.8620304089279318 1.6986918376846631 1.8822944054748558 
1.5024145113257004 1.4491801592405964 0.3725695830025203 
1.0167718149242402 1.1276436676834025 0.18939520245261743 
0.7810057998645603 1.9334832585939905 1.8417206742851602 
1.212045097760969 0.9257801935107162 1.7943897489928178 
1.1842696122481615 1.3006664766968126 1.3372804283230586 
0.7843241488698589 1.9060110265001264 0.7769835547215407 
0.6690370806066194 1.7815604905713043 1.5158977683712345 
0.8379926762606928 1.8522431117883067 0.39827828056506054 
1.5772324030918798 1.4276051477671963 1.760121049332482 
1.8782082579983381 1.667085498696201 1.9189572038475915 
1.7456196113443072 0.8575534424309185 0.837601479532986 
1.3360198477252903 1.1463911247018312 1.3742098219021728 
0.5593034390461902 1.1725289150889404 1.8999560751822493 
1.2980437364777058 0.34540950158534045 1.599887040959934 
0.1842403962618674 0.4505316758746789 1.5597456046346068 
1.806299362462559 1.0589185224111102 1.7404795924066598 
0.16380429189771473 0.558826647526999 0.45559537628953517 
1.201804988163775 1.1795800707108477 0.947921026675104 
0.2946387196258249 0.4261032638297607 0.4744591187054801 
1.7367793663236375 0.9595979291159561 1.2546462684782373 
0.8395693571660457 0.3176465011599766 1.4606882493859397 
0.43965874191347465 0.34522873134205734 1.3894670020946491 
0.9687009644332362 1.5299700861764967 0.8958482327945575 
1.2110008528924776 0.23050102178524523 0.5106703246876421 
0.5577010659175041 1.8053216443053155 0.520852897275004 
1.0274971956515424 1.5494520358628205 1.1813516396043666 
1.4150089380281554 1.0728080852832351 0.34636074876130596 
0.9068547458875764 1.286737181461839 1.7124288278735333 
1.7385144436755433 0.41816437526198047 0.8405969386996367 
1.5049884977051815 1.1642739959264221 1.5434996019491471 
1.3713248985911268 1.8639233705868556 0.7424054151486248 
1.7952721555613786 1.0488362590858016 0.9349301995809252 
0.508035831075828 1.6729501224521406 1.840758967731829 
0.6973714277214662 1.2227526529563553 1.356251177082972 
0.2057622865941532 1.619922325455685 0.35718092573248794 
1.0774738603130476 1.3287749753752265 1.9386076790840638 
1.295902890073228 0.3830746353805199 0.4870116683022122 
1.648173223919906 1.8903547130093012 1.2557805810462108 
0.45764846315884733 1.1878854578386113 0.7113424958522285 
0.5612757913178335 1.874246231249011 1.754146740141379 
0.8161022832242687 1.3274816476539693 0.17310237975194565 
0.3673378879471053 1.7475239110908125 0.6578357538737793 
1.7233804749932116 1.124302999925478 1.0843975797726555 
1.62860703782331 0.5334834657161339 0.26901085176044703 
1.9329149829370922 1.8968202680301205 1.2634168262039498 
0.8747838731482186 0.40793203958066926 0.20411180404723483 
0.9198514847176309 0.2042872751846342 1.9486226186531257 
1.6611876983185219 0.877592861065239 0.5598315604143875 
0.8371223581053471 1.2866869894178086 1.136720102852955 
1.2544096289591082 1.8898520269083194 1.7291241778522917 
1.8630216588137922 0.3375622258537603 1.8986966272241153 
0.6918519760672679 0.9132331134415826 0.6197598371983479 
1.8950977319066755 0.8545681990516308 1.9027639549361304 
0.2955155108816825 0.8131378436513774 1.0884443075284271 
1.0912925717062298 1.0244472859218903 1.9384764916457888 
0.8296538166719755 0.777256773959571 1.7623044368318421 
0.17117156474806228 0.20773814330623075 0.8192623649772559 
1.1762810363941893 1.7786484293959561 0.6929358963701462 
1.089116200652261 1.5484012054173202 0.33370266468642185 
0.5369782684471345 0.5291754740608483 1.7217627191522589 
0.877144714820346 1.9218059903012947 1.5872970010700822 
0.80704190802919 0.6979352182313481 1.0511409848821676 
0.4358240551888185 1.7549319467815288 1.9367620700340167 
0.9800092224888765 0.7526219130703528 1.3493585697467259 
0.1550574432151215 0.6722531699648606 1.137973412120191 
1.8997350595279043 1.3312320928954575 0.7838360199671346 
0.8440940785448978 0.34782734835461016 1.189684633865383 
0.3672555978812796 1.6158733267037886 1.5105894893563498 
0.5509011007569063 1.9074276336863565 0.8041295487337001 
1.6734167625231198 0.15302890886865606 0.3339917079914113 
0.27726264627340547 1.6711392907099054 1.916715117466138 
1.1538895917760226 0.18115603211425213 1.7880407679017816 
0.2684832257211922 0.7518958752477016 0.4441777213432624 
0.7221275833310772 1.595130528940929 1.931393945981515 
0.3366074698310414 0.4227726431398545 1.0103717133682684 
1.3585682072178455 0.2375420047674348 1.2848026077914423 
0.3329547649709842 1.3818509566812638 0.6723651852513933 
1.217427112616997 1.9126972233929136 1.2017976863550734 
1.3031638482140924 0.68554411958013 0.8732700247840322 
1.9034915001506831 1.0495385746047878 1.6053743875213193 
1.1546443352767335 1.5436465917155162 1.057761543179925 
1.6861604660505731 1.6890178361577401 1.733583084842972 
1.2242509871455378 0.47187235171894915 0.9238513008870651 
1.933828729705854 1.6738499571335355 1.3882989548196143 
0.16399198330460663 1.878890874163326 1.1852820060426263 
1.6981570579883973 1.809804766064699 0.22534070070215673 
0.7166075826238789 0.14288513582350182 1.544241336255525 
1.4157748453659917 1.5782257585839117 0.17194646936053126 
0.9586428041935766 1.7722261590548265 1.2302394752426677 
0.3721555965165855 1.004767749876693 1.8959424887786822 
1.227648357078397 1.6453952097446236 0.5148391525517595 
1.4988743155732673 0.42213386725458013 1.6889504844093568 
1.2874034681323754 0.1755083139578476 0.6613487613397309 
1.9300480956857362 1.6679818743708363 0.898526417623758 
1.9243168497133838 1.3757563455661295 1.5617543988803406 
1.7926127881009197 0.2302326489310882 0.6644701903620327 
1.3164889791943064 0.8434681820502001 0.9460434505346683 
0.19719793757484927 1.6796747129142973 0.7810862202822888 
1.088883016170659 1.006743606276572 0.30192522260600285 
1.7181901683382095 1.1974932096175444 1.5434676989237004 
1.3536264670012992 0.8765088423425633 0.5753583359618137 
1.7024101809782293 1.5957575866211842 0.6854095550028401 
0.17798314540844784 1.944295950152187 0.523108748112439 
1.2537030373536657 0.4021980700646747 1.8854510797287 
0.4387785739323259 1.9008036845248695 0.21386260333133367 
1.0852116978147703 1.4786859554322542 0.6805324739692766 
1.3669549543590551 1.7141225180472979 1.4672722653280423 
0.19141324577347874 1.2147396408442637 0.1684250090640963 
1.6057417152821558 0.7351890661324749 0.9086643371025036 
1.681332702468164 0.9027134570974937 1.932019477321938 
1.622060847423108 0.1577502527079645 1.4098660252278468 
1.4054990629235968 1.331678567025782 1.0521092799524647 
1.7548474282741648 0.6325354122783972 0.5941272513308141 
1.8360716535081085 0.17426163752907997 1.6646614205767571 
0.5794345332132852 1.9274450233336682 1.239037775769514 
1.4372332556693248 1.9331289460277168 1.7767979006803503 
1.860491307764275 1.7236365681520045 1.5474242421744724 
0.8466817785310896 1.65347078863453 0.7137137602631156 
1.535993231191412 1.8942570275854438 1.1158764627944786 
0.7558927070721415 0.17995170716191666 0.22013442036973563 
1.7572541678406508 1.2455488646217066 0.6760207752189734 
1.6031769044166697 0.32350313601679404 0.94410913881011 
1.6385186073104965 1.6660853929723551 0.16474365332873153 
1.188470866031572 0.5257797170706181 0.6484838385092863 
1.249401612670566 0.7652597282330977 1.1368402420213977 
1.678369653606021 0.6536825494147211 1.168807796526288 
1.893599859159307 0.41672729452075685 0.32236763246188294 
1.1902558570941026 1.786879054676494 0.17037747279972304 
0.8506227561330622 0.30711229564489606 0.7460580749800731 
0.3971641503340926 1.5697517778881105 0.964253895547983 
1.6823937440168661 1.0557626340757849 0.632989761120524 
0.16678310474010938 0.8567148250509847 0.1611730485007813 
0.3255569619820038 1.9381369670026616 1.9336662979803885 
1.9432564682636182 1.907099530407709 0.9717305038665152 
1.855156191230851 1.9116918627169113 0.3887871048339778 
1.9480178192548498 0.7066485958882374 1.088614096847749 
0.5660223747470647 1.3253023797683186 0.3430758922496099 
1.03719863954329 0.7617177898918859 0.23855202721263136 
1.6060424619016254 0.8246178534785651 1.3490462329074695 
0.7247415809804774 1.1167864357303372 1.5371207663875037 
0.19715520766712447 0.568995463869296 0.6779804961224893 
0.46337547120025313 0.14840193537853408 0.6863091736950206 
1.754395737126104 0.5105066355830142 1.09929117136925 
0.15127210211092845 1.0221781983265825 1.9513470608961074 
0.1824282780751727 1.0519397566349347 1.2637035353694288 
1.4086104504763868 1.687645025454362 0.856724005283277 
1.0535895524516654 0.2077781962417239 1.4134318995627793 
1.8783216311414146 0.5679191947397145 0.4366554116178015 
1.3121281976589847 0.917617158688762 1.408036831532113 
0.22359978045048956 0.3586828235881194 1.95248702664665 
